##
## this is nils organised dataset retinopathy2 of april 2024,
#  data on 691 diabetes diagnosed before age of 30 
#  columns:
#  number for the 691 individuals  
#  x1 gender (female 0, male 12)
#  x2 duration
#  x3 edema present L or R or both
#  x4 hemoglobin
#  x5 bmi
#  x6 pulse, heartbeat over 30 seconds
#  x7 urine condition (1) or not (0)
#  x8 diastolic blood pressure
#  y  main outcome, 1 if retinopathy L or R or both 
## eyes = matrix(scan("retinopathy.txt",skip=15),byrow=T,ncol=10)

 1   1 10.3  0 11.5 23.8 43  0  89  0
 2   1 15.6  0 11.7 24.8 51  1  85  0
 3   1  4.5  0 11.4 23.7 49  0  80  0
 4   1 34.5  0  7.5 31.3 42  0  99  0
 5   1 22.9  0 11.1 31.5 45  0  84  0
 6   1 13.8  0 10.3 24.6 43  0  71  0
 7   1 31.1  1  9.7 24.6 37  0  74  0
 8   1  2.6  0 12.9 19.3 32  0  73  0
 9   1 25.8  0 14.8 34.3 45  0  74  0
10   0 39.6  1 11.7 30.4 45  0  80  1
11   0 31.4  0  8.1 22.2 44  0  66  1
12   0  7.3  0 12.5 24.8 49  0  77  0
13   0  8.3  0 13.1 20.7 40  0  80  0
14   0 27.6  1 11.0 24.7 55  1  83  1
15   1 18.4  1 12.0 21.1 55  0  85  0
16   1  4.4  0 10.1 22.8 30  0  73  0
17   1 15.8  0  9.9 30.8 49  0  87  0
18   1  4.5  0 10.9 24.4 36  0  73  0
19   1  5.3  0  8.6 21.5 44  0  78  0
20   0 13.5  0  9.4 22.6 35  0  71  1
21   1 17.4  0 11.0 24.2 40  0  66  0
22   0  3.3  0  9.6 45.0 36  0 108  0
23   0 11.9  0  8.5 23.3 38  1  96  0
24   1 12.2  0 12.7 26.8 39  0  82  0
25   1  4.0  0  7.5 22.4 36  0  75  0
26   0 16.4  0  8.6 20.8 39  0  78  0
27   0 22.4  0 10.6 16.7 53  0  79  1
28   0 30.5  1 12.2 24.5 43  1  97  1
29   0 15.5  0 10.4 20.1 37  0  65  0
30   1 29.5  0 10.1 30.8 50  0  89  1
31   1 15.6  0 10.0 25.0 47  0  80  0
32   1 16.6  0 12.2 21.2 40  0  75  1
33   0 11.0  0 12.7 24.5 51  0  82  0
34   0 27.4  0 11.6 23.6 49  0  85  0
35   1 16.5  0  8.3 23.9 31  0  80  0
36   0 29.5  0  8.4 22.8 42  0  73  1
37   0 15.7  0 14.6 23.5 48  1  88  0
38   1 27.6  0 12.1 19.2 48  1 112  0
39   1  1.9  0  6.6 25.8 41  0  75  0
40   0 29.6  0 11.9 23.1 52  0  92  0
41   0  7.4  0 10.4 29.4 51  0  87  1
42   0 19.8  0  8.8 27.0 37  0  60  0
43   1  7.2  0 13.2 25.4 45  0  78  0
44   0 23.0  0 11.3 23.0 39  0  78  0
45   0 14.4  0 19.5 21.3 43  1  89  1
46   0  5.9  0 12.5 19.7 48  0  73  0
47   0 17.6  0 10.5 21.3 32  0  87  0
48   1 26.4  0  6.9 24.3 36  1  93  0
49   0  2.5  0 12.2 17.9 32  0  78  0
50   1 14.6  0  9.0 21.2 32  1  81  0
51   0  3.3  0  7.6 19.0 40  0  82  0
52   0  6.1  0 10.9 25.4 38  0  53  0
53   1  2.0  0 12.1 17.2 37  0  63  0
54   0  3.1  0 10.0 18.3 42  0  78  0
55   1  6.1  0 12.5 19.3 39  0  81  0
56   0  5.1  0 11.0 22.6 52  0  75  0
57   0  3.3  0 17.7 18.8 46  0  87  0
58   0  7.6  0 16.5 23.2 39  0  83  0
59   1  8.0  0 14.7 16.8 38  0  74  0
60   0 12.4  0 10.1 24.7 38  0  79  0
61   0  2.2  0 14.8 16.3 39  0  75  0
62   1 14.4  0  8.1 23.1 39  0  83  0
63   0  6.8  0  9.8 17.9 39  0  84  0
64   0  1.9  0  9.2 14.9 40  0  55  0
65   1  1.5  0 10.4 24.4 33  0  68  0
66   0  2.7  0 13.4 21.9 64  0  85  0
67   0  4.1  0 10.6 21.1 44  0  82  0
68   1  8.7  0 10.0 17.1 39  0  81  0
69   0 13.5  0 12.7 22.2 32  0  74  0
70   1  4.0  0 10.4 24.6 45  0  80  0
71   1 13.6  1 10.8 24.5 46  1 104  1
72   0  2.6  0 15.4 25.6 45  1  79  0
73   1 11.4  0 11.4 20.2 49  1  94  1
74   1  5.9  0 11.6 25.2 39  0  78  0
75   0  6.9  0  7.9 21.3 36  0  70  0
76   1  9.5  0 10.3 26.1 38  0  64  0
77   0 33.5  0  8.8 23.7 42  0  68  0
78   0 13.5  0 10.5 22.6 40  0  81  0
79   0 20.5  0 11.6 24.8 62  0 101  1
80   1 19.4  0  9.7 22.8 32  0  66  0
81   0 29.6  0 11.2 20.1 33  0  74  0
 82   0 12.1  1  8.5 34.2 40  1 100  1
 83   1 16.4  0  8.5 26.5 41  0  92  0
 84   0 21.5  0  9.8 28.9 51  1  77  0
 85   0 11.5  0 16.2 14.4 51  1  80  1
 86   1 28.7  0  9.9 22.0 43  1  70  1
 87   0 33.9  0  9.4 22.8 41  0  69  1
 88   0  5.6  0 11.6 25.3 44  0  77  0
 89   0 19.6  0 14.4 29.0 38  1 104  1
 90   0  7.5  0 12.8 21.4 43  0  72  0
 91   0  3.2  0  9.7 19.8 37  0  60  0
 92   1 16.5  0  8.3 24.0 41  1  84  1
 93   0 16.8  0 11.6 21.9 41  0  70  1
 94   0  5.9  0 12.2 23.5 38  0  83  0
 95   0  3.4  0  7.6 22.9 41  0  69  0
 96   0 23.5  0  7.6 19.6 48  0  72  0
 97   0 26.4  0  7.0 23.7 45  0  65  1
 98   0 12.5  0 11.5 22.9 47  0  81  0
 99   0  7.5  0  6.1 24.4 47  0  70  0
100   0  8.6  0 11.7 24.6 42  1  78  0

101   1  7.1  0  8.6 22.5 50  0  69  0
102   0 21.3  0  8.1 23.6 36  0  75  1
103   0 14.4  0 12.8 23.1 33  1  90  0
104   0  8.2  0 13.3 24.0 41  0  87  0
105   1  7.4  0 11.5 23.7 39  0  73  0
106   1  5.9  0  9.0 22.0 44  0  81  0
107   1  3.2  0 10.1 22.1 40  0  79  0
108   0 10.5  0 10.1 21.9 38  0  60  0
109   0  9.1  0 12.8 22.0 43  0  71  0
110   0  5.1  0  9.7 16.6 34  0  61  0
111   0 10.7  0 11.8 25.3 44  1 108  0
112   1 12.5  0  8.5 23.8 48  1  92  0
113   1  5.8  0  9.2 24.8 43  1  88  0
114   1 13.1  0  9.5 21.0 38  0  88  0
115   1  2.6  0 11.1 24.2 33  0  78  0
116   0  4.4  0 10.9 19.9 50  0  82  0
117   0 16.3  0 12.9 21.9 50  0  85  1
118   1  7.8  0 13.9 16.9 44  0  61  0
119   0  4.5  0 10.9 16.7 61  0  89  0
120   0 13.1  0  8.4 26.7 41  0  92  1
121   1 12.4  0 10.8 18.3 37  0  74  0
122   0 10.6  0 12.5 26.5 47  0  93  0
123   1  3.8  0  9.7 23.3 44  0  71  0
124   0 37.5  0  9.7 22.4 43  0  70  0
125   0 30.8  0 11.0 18.9 40  0  66  1
126   0  9.5  0 11.4 28.4 41  0  96  0
127   1  9.9  0 11.1 24.0 39  0  76  0
128   0 20.4  0 11.9 22.3 46  0  74  1
129   0 24.4  0 11.9 18.5 40  0  72  0
130   0 11.6  0 15.4 24.9 44  0  75  0
131   1  4.5  0 12.5 20.2 44  0  95  0
132   0 21.6  0 17.0 21.4 41  0  82  0
133   0 10.6  0  8.7 19.7 30  0  72  0
134   1 10.4  0  8.6 28.3 42  0  91  1
135   0 31.6  0 10.4 22.1 42  0  77  1
136   0 18.1  0 10.5 21.2 30  0  63  0
137   0 11.6  0 11.5 21.9 33  0  95  0
138   0 14.7  0 10.8 37.8 59  0  89  0
139   0 24.4  1  9.3 20.7 49  1  91  1
140   0 20.6  0 11.7 21.2 43  0  89  0
141   0 31.6  0 10.2 23.3 46  0  77  1
142   1  9.0  0 14.3 22.6 48  0  67  0
143   0  9.5  0  9.0 24.0 36  0  90  0
144   0 10.6  0 11.2 22.6 43  0  71  0
145   1  3.2  0 16.3 23.5 38  0  74  0
146   0 10.5  0 11.7 22.6 46  0  56  0
147   0  7.2  0 10.7 26.5 60  0 107  0
148   0 26.2  0 10.5 22.3 38  1  71  0
149   0 19.3  0  8.8 26.4 34  0  77  0
150   0 31.5  1  9.8 23.6 38  0  77  0
151   1  8.4  0  9.3 26.9 35  0  74  0
152   1 13.7  0 10.5 22.6 35  0  67  0
153   0 14.4  0  8.5 24.2 48  0  90  0
154   0 39.2  0  8.6 23.7 46  0  69  0
155   0 12.5  0 12.0 28.9 45  0  89  1
156   0 10.6  0  9.2 25.9 49  1  93  1
157   1  4.2  0 15.9 23.4 40  0  71  0
158   0  9.5  0  8.7 28.5 47  1  69  0
159   1 12.7  0  8.3 25.5 32  1  82  0
160   0 35.4  0  9.8 21.4 39  0  77  1
161   0 17.1  0 11.0 22.5 37  0  70  0
162   1  9.5  0  8.1 23.2 40  0  92  0
163   0 26.3  0 10.3 24.2 44  0  67  0
164   0  8.4  0  9.4 23.8 50  0  81  0
165   0 17.8  1 11.6 34.0 38  1  99  1
166   1 24.0  0  9.4 24.1 39  0  82  0
167   0 21.3  0  8.8 21.7 50  0  75  1
168   0  6.6  0 10.0 23.4 33  0  84  1
169   1  7.6  0 15.2 22.0 35  0  85  1
170   1  9.6  0  9.9 21.6 58  1  86  0
171   1  2.9  0  9.1 21.2 38  1  83  0
172   0  4.2  0 10.7 17.6 44  0  73  0
173   0 11.6  0 10.9 21.9 50  0  86  0
174   1 25.3  1  8.8 22.6 48  1  83  1
175   1  6.4  0  9.8 21.9 44  0  84  0
176   0  2.0  0  8.5 21.7 38  0  92  0
177   1 16.6  0 14.2 24.9 42  1  87  1
178   0  3.3  0  8.6 26.7 48  0  82  0
179   1 20.5  0 13.1 21.7 56  1  76  1
180   0 15.6  0 14.4 19.2 49  0  95  0
181   1 18.6  0 10.2 20.6 42  0  91  0
182   0  8.1  1  7.6 22.0 37  0  80  0
183   1  6.9  0 10.9 21.5 34  0  71  0
184   1 14.4  0  8.9 25.7 34  0  63  1
185   1 10.4  1 12.0 19.9 44  0  65  0
186   1  3.0  0 10.2 25.2 37  0  73  0
187   0 10.5  0 11.2 20.5 49  0  70  0
188   0  8.0  0 11.6 23.0 39  0  84  0
189   1  7.0  0  9.6 28.0 48  0  94  0
190   0  2.2  0  8.7 23.5 51  0  75  0
191   1  4.2  0 11.2 20.6 44  0  50  0
192   0 22.5  0  9.7 23.1 40  0  72  0
193   0 24.4  0  9.2 27.8 44  0  88  0
194   1 15.5  0  8.7 22.9 37  1  77  1
195   1  4.5  0 11.4 18.5 36  0  80  0
196   1  9.0  0  9.3 25.2 33  0  75  0
197   1  6.0  0 15.5 20.7 41  0  87  0
198   1  2.8  0 10.8 16.1 43  0  70  0
199   1  1.5  0 13.0 15.4 47  0  70  0
200   0  4.0  0 15.0 22.7 39  0  77  0

201   1  5.2  0 12.6 19.9 43  0  60  0
202   0  5.7  0 12.2 19.3 41  0  82  0
203   1 10.3  0 16.8 18.6 38  0  87  0
204   0 18.2  0 10.5 23.0 52  1  89  1
205   1  9.6  0 12.7 23.8 32  0  69  0
206   0  6.3  0 10.1 20.1 25  0  61  0
207   0  2.8  0 11.0 19.2 38  0  62  0
208   1 18.7  1  7.3 23.1 42  1  96  1
209   0  9.2  0 12.5 26.5 43  0  82  0
210   1 15.6  0 10.1 26.6 32  0  84  0
211   1 12.2  0 12.6 30.3 46  0  79  0
212   0 18.6  0 11.7 22.9 45  0  73  0
213   0 12.2  0 11.4 20.1 45  0  79  1
214   1 17.3  0  9.0 24.9 33  0  84  0
215   0 13.8  1 12.6 18.1 51  0  84  1
216   1 13.8  0 10.4 23.1 38  1 100  1
217   0 11.3  0  8.5 18.7 30  0  65  0
218   0 11.3  0  8.2 23.1 42  0  89  0
219   0 12.3  0  5.6 23.7 39  0  70  0
220   0  9.1  0  7.9 19.9 41  0  76  0
221   0 32.8  0  9.8 22.2 35  0  71  0
222   0 19.3  0  8.3 21.4 40  0  72  0
223   0 11.3  0  8.2 26.9 47  0  96  0
224   0 13.6  0  9.7 22.4 45  0  78  1
225   1  4.8  0 12.0 26.7 37  0  76  0
226   1 12.8  0 10.2 24.6 48  0  59  1
227   0 15.9  0 14.0 22.5 44  0  72  0
228   1  2.5  0  9.5 19.5 32  0  80  0
229   1  5.2  0  9.6 24.0 39  0  78  0
230   1 17.7  0  9.0 21.2 32  0  76  0
231   0  6.4  0  9.1 24.3 44  0  83  0
232   0 20.3  0 10.4 23.1 47  0  72  0
233   1 15.3  0 15.3 20.1 36  0  80  0
234   1  7.0  0  9.9 20.6 31  0  65  0
235   0  5.8  0  6.9 24.0 46  1  58  0
236   1 13.0  0  9.7 25.0 30  0  84  0
237   1 10.8  0  9.4 26.4 39  0  89  0
238   0 12.8  0 11.4 25.5 39  0  82  0
239   1 16.8  0  8.0 27.8 42  0  91  0
240   1 16.8  0 11.0 22.4 39  0  69  0
241   1  4.5  0  7.5 25.4 36  0  82  0
242   1 14.0  0 11.5 18.6 32  0  76  1
243   1  9.6  0 10.8 18.6 46  0  73  0
244   1  5.9  0  8.1 28.2 27  0  79  0
245   1 13.9  1  7.3 23.2 38  0  76  1
246   1  3.2  0 10.5 25.9 29  0  76  0
247   0  7.1  0  8.4 21.1 29  0  80  0
248   1 18.7  0 10.4 24.9 37  0  80  0
249   1  6.7  0 12.2 19.6 47  0  60  0
250   0 11.4  0 12.2 23.0 38  1  86  0
251   1 15.8  0 10.3 23.6 34  0  73  0
252   0  6.8  0 14.7 22.4 43  0  65  0
253   0  3.9  0 14.7 15.4 51  0  76  0
254   1  4.8  0  8.4 22.1 34  0  69  0
255   0  4.4  0  8.5 23.8 37  1  83  0
256   1  8.3  0 12.6 21.3 41  1  69  0
257   1 14.0  0 12.1 21.5 54  0  95  0
258   1 22.0  1  9.7 27.6 46  1  92  1
259   1  5.0  0 11.8 18.0 37  0  70  0
260   0  7.8  0 14.5 18.1 41  0  69  0
261   1  9.5  0  8.9 18.3 39  0  71  0
262   1 10.1  0 10.6 23.9 31  0  45  0
263   0  6.5  0 11.6 21.4 34  0  72  0
264   0  8.0  0 12.6 15.1 58  0  82  0
265   1  7.3  0  9.6 23.3 39  0  50  0
266   1  9.2  0 12.5 26.7 34  0  56  0
267   0 11.0  0 10.9 23.9 41  0  75  0
268   0  5.0  0 10.9 27.1 39  0  73  0
269   1 14.8  0 13.0 22.9 37  0  89  0
270   1  8.7  0  8.8 20.2 41  0  59  0
271   0 14.3  0 12.4 24.0 46  0  98  0
272   1  5.7  0  9.6 21.6 46  0  73  0
273   1  5.9  0 10.9 25.0 39  1  67  0
274   0 17.3  0  8.4 22.9 47  1  76  0
275   0 11.2  0 13.1 23.7 55  0  88  0
276   0 10.1  0  8.9 18.6 42  0  89  0
277   1  4.0  0 19.3 20.1 50  0  90  0
278   1  3.0  0 10.6 16.5 52  0  85  0
279   1  4.7  0  8.7 17.9 36  0  46  0
280   0  5.0  0 15.9 18.2 36  0  78  0

281   1  9.4  0  8.6 25.5 29  0  75  0
282   0 21.4  0  9.9 22.4 52  0  70  1
283   0  7.8  0 13.6 22.8 42  0  82  0
284   1  8.5  0 11.8 26.5 47  0  88  1
285   1  4.6  0  9.0 20.2 34  0  78  0
286   1  4.2  0  7.5 20.2 50  0  70  0
287   0  9.8  0  9.3 30.1 39  0  86  0
288   1  7.5  0  6.5 16.1 30  0  68  0
289   1  2.2  0  9.5 21.6 48  0  78  0
290   1 13.7  0  8.7 22.6 33  0  60  0
291   1  6.8  0  9.1 23.3 39  0  84  0
292   1 10.2  0  8.1 24.6 41  0  64  0
293   1  6.4  0 14.6 21.7 38  0  79  0
294   0  4.1  0 11.6 21.9 34  0  74  0
295   1  6.1  0  8.0 25.4 32  0  62  0
296   0 10.9  0 12.7 20.9 38  0  65  0
297   1  6.8  0  9.2 18.0 32  0  59  0
298   0  8.9  0 10.7 24.0 45  0  81  0
299   0  9.1  0 15.1 22.5 41  0  73  0
300   0  2.9  0  9.2 16.9 34  0  66  0

301   0  7.8  0 10.6 16.9 36  1  80  0
302   1 16.9  0 10.9 22.0 33  0  71  1
303   1 17.9  0 12.2 21.8 40  0  75  0
304   0  7.0  0 13.9 22.1 46  0  78  0
305   0 18.8  0  7.7 23.4 37  0  79  0
306   1  2.2  0 10.1 18.6 34  0  66  0
307   1  8.3  0  9.8 23.9 36  0  76  0
308   1  7.2  0  8.0 26.5 38  0  71  0
309   0  3.1  0 11.0 29.0 54  0  93  0
310   1  4.7  0 13.9 19.7 28  0  50  0
311   1  7.8  0 11.4 18.4 43  0  61  0
312   0  3.2  0  8.1 24.8 36  0  62  0
313   0  5.6  0  9.3 31.8 43  0  74  0
314   1 12.5  0 10.3 24.9 39  0  84  0
315   0 10.4  0 12.1 24.3 41  0  83  0
316   0  9.5  0 11.7 30.7 36  0  85  0
317   1 12.3  0  8.5 21.7 40  1  81  1
318   0 19.4  1 10.6 29.3 42  0  86  1
319   1  2.1  0 10.0 17.3 44  1  92  0
320   1  1.8  0 12.0 23.1 38  0  75  0

321   1  9.4  0  9.6 26.2 59  0  92  0
322   1  5.9  0 10.1 25.8 32  0  69  0
323   1  6.3  0 10.7 20.9 49  0  85  0
324   1  3.3  0 14.0 22.2 46  0  84  0
325   0 21.6  0  9.0 18.7 44  0  70  0
326   1  9.2  0 12.2 21.6 41  0  48  0
327   1  6.6  0 11.3 16.9 40  0  62  0
328   0 33.7  1 14.6 20.0 47  0  75  1
329   1  7.6  0 13.0 21.4 34  0  78  0
330   0  7.8  0 12.7 20.1 49  1  64  0
331   0 12.6  0  8.0 23.7 43  0  95  0
332   1 34.6  0  9.6 23.4 40  1  86  1
333   0  5.6  0 12.6 21.6 59  0  80  0
334   0  7.3  0 12.2 16.0 39  0  79  0
335   1  3.7  0  7.6 25.5 38  0  74  0
336   0 21.7  0 11.7 18.7 51  1  77  0
337   1  8.5  0  7.6 18.6 44  0  66  0
338   1  6.9  0 15.8 24.0 32  0  73  0
339   0 30.7  0 12.4 29.6 54  0  70  0
340   0 49.1  0 10.3 19.0 53  1  48  0
341   1  9.7  0 12.5 26.9 45  0  90  0
342   1 24.7  1 12.1 23.8 38  0  89  0
343   0 29.7  0  9.1 17.6 40  0  75  0
344   1 36.1  0  7.1 25.3 30  0  69  0
345   0  5.0  0 10.1 22.4 38  0  83  0
346   1  4.6  0 11.6 44.6 38  0  60  0
347   0  8.2  0 13.9 26.8 40  0  87  0
348   0  1.2  0  9.0 21.6 43  0  78  0
349   0 23.7  0 14.1 39.0 41  0  82  1
350   1 21.8  0 13.7 20.6 50  0  70  1
351   0  5.1  0  8.5 18.0 40  0  70  0
352   1  8.6  0 10.1 27.2 40  0  84  0
353   1  1.7  0  9.8 16.6 47  0  70  0
354   1 10.3  0 10.4 24.6 37  0  83  0
355   0  1.6  0 12.8 21.6 47  0  89  0
356   0 10.9  1 13.3 20.9 45  0  59  1
357   0 11.3  0 11.8 21.0 40  0  64  0
358   0  7.6  0 10.3 31.7 43  1  84  0
359   1  7.4  0  7.0 21.4 30  0  66  0
360   0  3.2  0 12.4 19.1 39  0  74  0

361   0  1.3  0 10.9 15.6 43  0  79  0
362   0  9.8  0 14.2 20.3 52  0  84  0
363   0  1.7  0  7.4 21.2 41  0  70  0
364   1 10.3  0 11.8 20.5 38  1  81  0
365   1  2.4  0 11.8 23.5 44  0  73  0
366   1  5.9  0  7.9 22.4 36  0  63  0
367   1  3.4  0  8.2 25.0 45  0  73  0
368   0 13.8  0 11.4 23.5 44  1 100  0
369   1  3.0  0 11.0 24.4 35  0  61  0
370   0 23.7  0 10.3 25.5 41  0  71  0
371   1 23.7  0 11.7 21.9 39  0  85  1
372   0 36.8  0  9.9 28.2 42  0  71  0
373   0 25.8  0 11.3 30.1 38  0  78  0
374   0 16.7  0 11.8 18.1 50  0  99  0
375   1 18.2  0  9.7 25.5 49  0  81  0
376   1  1.2  0  7.4 23.0 33  0  76  0
377   1  3.0  0 11.0 18.6 30  0  59  0
378   0  2.5  0  7.7 14.6 46  0  75  0
379   1 14.7  0 10.1 25.3 40  0  81  0
380   0 16.7  0 10.6 19.1 53  0  76  0
381   0 23.1  0  9.5 24.2 49  0  84  0
382   1  3.0  0 12.7 20.4 56  0  63  0
383   1 10.2  0 12.7 25.7 39  0  81  0
384   1 11.0  0 12.0 23.0 43  0  80  0
385   0 17.6  0  9.3 22.9 36  0  82  0
386   1  3.9  0 10.5 20.1 41  0  72  0
387   0  1.7  0 13.2 21.4 65  0  83  0
388   1 20.7  0 13.2 23.3 41  0  81  1
389   1  1.5  0  9.6 15.5 37  0  75  0
390   0 47.8  0 12.2 26.8 32  0  78  0
391   0  3.0  0  9.2 19.0 41  0  71  0
392   1  5.0  0 10.0 15.6 37  0  70  0
393   1 23.8  0  9.5 29.0 48  0  73  1
394   0  8.0  0  7.3 27.8 36  0  71  0
395   0  4.9  0 12.1 22.1 35  0  49  0
396   1  5.4  0  8.2 19.7 31  0  73  0
397   1 10.0  0 13.3 24.4 34  1  87  0
398   1 11.8  0  9.5 26.2 33  0  58  0
399   1 14.0  0 10.9 24.1 34  0  58  0
400   0 16.9  0 10.5 32.3 42  0  72  0

401   1 11.1  0  9.5 18.9 32  0  65  0
402   0 20.7  1 13.6 18.0 48  0  90  1
403   1  9.7  0  9.6 20.9 41  0  72  1
404   1 25.6  0  9.7 31.2 39  0  74  1
405   1  6.2  0  8.9 21.5 38  0  66  0
406   1  8.3  0 12.2 21.2 43  0  77  0
407   1 13.7  0 11.7 20.9 43  0  71  1
408   1 10.4  0  9.3 25.2 41  0  58  1
409   1  4.3  0 12.9 20.7 38  0  72  0
410   0 10.8  0  9.0 20.7 29  0  56  0
411   0 11.7  0  8.4 35.2 48  1  90  0
412   1  4.2  0  9.5 20.8 35  0  77  0
413   1 28.7  0 11.2 26.4 42  1  99  1
414   1 21.7  0 14.2 28.5 42  1 106  1
415   0  7.7  0 11.7 28.1 66  0  79  0
416   0 11.7  0 10.9 23.1 47  0  76  0
417   1 29.7  0 10.4 26.2 31  0  77  0
418   0 17.7  0 11.0 21.3 48  0  70  1
419   1  3.7  0 10.5 26.4 35  0  75  0
420   1  6.7  0 11.2 27.4 37  0  74  0
421   0 21.4  0 10.7 33.3 35  0  78  0
422   1  6.2  0 10.2 27.9 35  0  69  0
423   1 18.7  0 13.4 23.2 48  1 117  1
424   1  5.4  0 11.7 22.1 42  0  71  0
425   1 30.7  0  9.9 31.4 25  0  81  1
426   1 10.7  0 11.4 24.4 45  0  86  0
427   1 11.9  0 11.5 26.3 34  0  91  0
428   1 24.9  0 11.1 23.8 48  0  83  1
429   0 27.7  0 10.0 23.6 49  0  89  1
430   1 35.8  0 10.0 21.5 45  1  81  0
431   1 29.7  0 10.4 21.6 38  0  70  0
432   1  5.0  0 12.5 25.8 35  0  82  0
433   1  5.2  0  9.8 25.1 41  0  70  0
434   1  4.3  0 10.0 19.4 50  0  82  0
435   0  8.6  0 11.0 22.8 35  0  77  0
436   1  1.3  0 10.6 18.8 43  0  76  0
437   0  5.3  0  9.9 24.1 45  1  77  0
438   0  5.9  0  9.8 23.0 33  1  76  1
439   1 10.7  0  9.1 28.6 43  0  78  0
440   0  3.0  0 12.5 21.0 42  0  78  0
441   1 21.7  1 11.1 38.7 42  1  89  1
442   0 13.1  0 11.2 25.9 57  1  92  1
443   1 12.5  1 14.5 27.6 34  0  77  1
444   0 10.8  0 12.6 26.0 47  0  99  1
445   1 17.8  0  9.8 24.1 39  0  82  1
446   1  5.8  0  9.5 21.5 40  0  68  0
447   1 22.5  1 10.8 25.0 38  0  70  1
448   1  2.6  0  9.2 21.8 36  0  78  0
449   1  8.0  0 10.3 27.1 34  0  61  0
450   1  6.4  0  9.9 29.1 57  1  98  0
451   1  1.9  0  7.2 24.9 33  0  65  0
452   1 41.8  0  9.5 25.6 41  0  64  0
453   1  5.7  0 13.5 26.0 41  0  67  0
454   1  8.9  0  8.1 26.2 39  0  83  0
455   1  7.0  0  8.7 39.8 51  0  85  0
456   0  7.4  0 13.4 19.6 41  0  81  0
457   0  5.9  0 13.9 23.2 45  0  63  0
458   1 15.0  1 10.7 28.0 47  1  96  1
459   0 28.0  0 11.9 23.3 46  0  79  1
460   0 10.0  0 10.6 20.4 32  0  77  0
461   0 24.0  0  9.2 30.4 49  0  84  0
462   0 16.9  0  7.1 22.8 37  0  58  1
463   0 19.5  0 13.4 28.3 38  0  83  0
464   0 11.0  0 12.8 25.6 49  0  79  0
465   1  3.9  0 13.8 24.5 32  0  81  0
466   0  2.5  0 11.3 34.5 45  0  98  0
467   1  5.2  0 10.7 18.9 43  0  62  0
468   0 10.0  0  9.4 19.3 48  0  68  0
469   1  9.0  0  8.4 23.1 38  0  77  0
470   1  4.6  0 15.2 27.9 48  0  69  0
471   0 10.0  0 10.3 24.5 52  0  97  1
472   0  8.1  0 12.8 24.8 35  0  72  0
473   0 30.0  0  9.9 21.4 41  0  69  0
474   1  3.9  0  7.2 27.6 51  0  69  0
475   0 15.0  0 10.7 22.0 46  1  86  0
476   0  2.2  0  9.2 18.2 49  0  72  0
477   0  4.5  0  9.9 24.0 45  0  61  0
478   1  6.2  0 12.0 23.5 45  0  85  0
479   1  9.7  0 12.8 21.5 43  0  80  0
480   1 54.0  0 10.6 27.0 28  1  60  0
481   1 24.1  0 10.7 20.7 44  0  85  0
482   0 25.2  0  9.3 20.6 38  0  59  1
483   1 28.1  0 11.6 24.9 34  0  83  1
484   0 13.1  0 10.9 23.0 34  0  76  0
485   1 13.6  0 10.8 23.9 42  0  76  1
486   0 22.0  0 12.6 23.3 46  0  80  1
487   0  5.0  0 10.1 32.9 37  0  74  0
488   0 25.1  0 13.3 24.1 46  0  77  0
489   0 13.1  0  8.2 31.1 48  0  72  0
490   0 26.1  0 12.2 32.5 34  0  85  0
491   0 50.1  0  9.9 22.7 45  0  61  1
492   1  9.5  0 12.0 26.9 37  0  74  0
493   1 25.3  1 12.6 21.7 53  1  81  1
494   0 16.2  0 18.5 22.2 49  1  85  0
495   0 27.3  0 10.3 20.7 53  0  73  1
496   1 26.1  0  9.7 27.1 41  0  94  0
497   1 21.8  0  9.3 27.4 43  0  96  1
498   1 13.1  0 11.8 39.4 31  0  90  1
499   1 19.0  0 10.8 24.2 41  0  71  0
500   0 38.3  0 10.9 29.2 46  0  72  0

501   1 35.1  0 10.3 21.1 41  0  76  0
502   1 18.1  0 13.4 19.6 41  0  76  1
503   0 34.1  1 10.3 23.3 52  0  74  1
504   1 10.7  0 10.4 26.6 34  0  66  0
505   0  9.2  0  8.3 27.5 45  0  69  0
506   1  6.0  0 12.9 23.9 51  0  84  0
507   0  9.1  0 14.6 18.3 40  0  58  0
508   1 10.2  0 11.0 23.0 41  0  80  0
509   1  8.8  0 13.5 19.8 40  0  77  1
510   1  1.9  0  7.3 19.5 36  0  65  0
511   1  7.3  0 13.7 24.3 39  0  73  0
512   0  4.1  0 16.0 23.2 39  0  76  0
513   1 11.8  0 12.7 27.5 41  0  82  0
514   1 14.1  0 11.7 22.2 47  0  74  0
515   0 27.2  0 10.1 23.4 30  0  66  0
516   1 27.7  0  8.1 25.5 37  0  76  0
517   1  9.1  0 11.2 24.4 44  0  89  0
518   0 13.1  0  9.8 28.3 41  0  79  0
519   1  5.8  0 11.1 25.9 37  0  84  0
520   0 10.1  0 10.0 18.9 38  0  69  0

521   0 14.1  1 12.7 23.2 46  0  68  1
522   0  1.6  0 10.9 27.1 57  0  88  0
523   0  2.0  0  9.3 20.4 34  0  78  0
524   0  2.9  0 13.2 21.0 39  0  71  0
525   0  8.9  0 10.1 26.3 36  0  68  1
526   0 24.2  0  9.0 30.5 46  0  84  0
527   1 25.4  0 11.6 29.9 30  1  56  1
528   0 14.0  0 13.2 27.5 41  0  88  1
529   0  7.0  0  8.9 30.4 47  0  69  0
530   1 26.0  0  8.1 25.3 44  1  93  1
531   0  8.0  0  8.5 23.6 33  0  68  0
532   1 12.7  1  9.9 21.4 44  1  99  1
533   0 29.4  0  8.5 19.7 42  0  69  0
534   0  7.3  0  9.2 27.0 37  0  88  0
535   1 32.9  0  8.3 24.5 55  1  88  0
536   0 13.9  0 11.4 25.2 43  1  83  1
537   0  7.5  0 16.0 21.3 53  0  80  0
538   1  2.0  0  7.3 21.8 36  0  60  0
539   0 15.9  0  9.7 26.2 36  1  90  1
540   1  9.5  0  7.4 22.7 41  0  70  0
541   0 28.9  0 10.6 34.6 44  1  77  1
542   1  3.9  0 13.1 23.9 51  0  97  0
543   0 21.8  1  8.0 20.8 40  0  72  1
544   0  1.7  0 11.4 17.8 55  1  72  0
545   1  6.8  0 13.0 22.2 32  0  65  0
546   0  9.3  0 11.5 24.5 38  1  75  0
547   0 12.6  0  6.7 27.6 37  0 100  0
548   0  6.0  0 10.6 22.6 44  0  71  0
549   0  4.5  0 12.5 24.7 36  0  50  0
550   0  1.9  0 12.1 18.6 45  0  72  0
551   0  8.4  0 11.8 26.2 44  0  70  0
552   1 16.4  0  9.8 23.2 44  0  88  0
553   0 16.4  0  7.8 27.6 37  0  74  0
554   0  3.4  0 10.2 21.2 36  0  69  0
555   1 11.4  0 11.2 24.3 28  1  59  0
556   0 23.4  0  9.4 25.6 35  0  65  1
557   1 10.4  0 12.6 17.8 43  1  71  0
558   0  7.8  0  9.1 17.3 47  0  57  0
559   1  6.3  0  8.0 20.3 30  0  51  0
560   1  2.8  0 11.5 22.3 45  0  81  0
561   0  1.5  0  7.7 37.8 36  0  82  0
562   1 14.2  0 10.1 26.5 37  0  65  0
563   0 20.4  0  8.3 26.4 53  1 101  0
564   1  2.8  0 14.0 16.9 44  0  69  0
565   1  1.9  0  7.0 21.3 38  0  91  0
566   0  7.8  0 12.7 50.8 51  0  95  0
567   1  3.3  0 10.1 24.5 41  0  73  0
568   1  8.4  0  8.7 20.5 39  0  85  0
569   1  5.7  0  8.3 20.1 30  0  73  0
570   0 36.4  0 11.8 23.7 47  0  86  1
571   0 25.4  1 11.7 23.1 35  0  61  0
572   0 19.4  1 12.4 22.7 43  0  84  0
573   0 17.4  0 10.8 24.4 31  0  83  0
574   1  4.9  0 11.1 22.9 25  0  71  0
575   1  1.9  0  9.1 26.9 30  0  80  0
576   0  5.1  0 13.4 25.2 45  0  68  0
577   1  6.2  0 15.0 24.8 37  0  52  0
578   1 24.2  0 10.3 25.3 38  0  81  1
579   0 16.6  0  9.8 24.8 36  0  83  0
580   1 49.2  0 11.9 17.1 30  0  59  0
581   1 13.1  1 12.7 24.9 46  0  86  0
582   0 55.2  1 14.4 27.0 35  0  76  1
583   1  5.7  0  7.8 22.1 36  0  89  0
584   0  5.6  0  7.8 26.0 38  0  83  0
585   1 10.4  0  9.0 26.1 36  0  84  0
586   0 12.1  0 11.4 25.7 37  0  74  0
587   0 12.1  0  8.9 20.1 57  1  76  1
588   0  9.2  0 12.2 29.9 44  0  83  0
589   0 21.2  0  6.7 30.7 50  0  72  1
590   0  3.7  0  6.4 21.6 42  0  78  0
591   1  9.1  0 11.8 19.8 47  0  87  0
592   0  5.8  0 10.1 19.0 44  0  71  0
593   0 33.2  0 11.7 30.7 47  0  75  1
594   0 18.1  0  9.4 21.1 43  1  88  1
595   0  4.2  0  7.1 20.3 31  0  81  0
596   1 22.1  0  8.5 26.9 37  0  76  0
597   1 37.2  1 10.4 21.8 41  0  80  1
598   1 38.2  0 10.6 26.0 44  0  68  0
599   1 14.2  0 11.6 23.2 55  0  85  0
600   1 11.1  0 11.2 21.8 40  0  89  0

601   1 15.7  1 14.4 20.7 44  0  83  1
602   1 11.2  0 14.7 25.8 36  0  81  0
603   1  7.9  0 10.3 24.8 33  0  80  0
604   0  1.6  0 10.8 19.8 34  0  74  0
605   1  1.8  0 14.4 22.1 45  0  79  0
606   0 40.2  0  8.8 24.7 27  0  43  0
607   1  6.5  0 13.1 23.9 41  0  81  0
608   0 16.4  0 13.7 24.7 45  0  79  0
609   1 11.2  0 13.0 21.0 41  0  71  1
610   1 12.2  0 11.4 18.7 42  1  86  0
611   0  1.8  0  8.7 15.5 34  0  66  0
612   0  5.6  0  8.6 19.7 45  0  78  0
613   1  2.1  0 12.6 20.7 42  0  75  0
614   1  6.1  0 16.1 22.0 38  0  87  1
615   0  5.6  0 13.3 16.8 39  0  76  0
616   1  2.4  0 11.1 20.8 31  0  65  0
617   1 16.1  1 13.3 23.7 42  0  77  1
618   1  3.9  0 11.8 18.1 43  0  68  0
619   0  5.6  0 12.5 16.3 51  0  60  0
620   1  1.8  0  9.1 14.4 43  0  52  0
621   0  1.5  0  9.9 18.7 41  0  76  0
622   1  1.5  0 12.6 15.9 43  0  51  0
623   1  3.1  0 10.8 18.6 30  0  69  0
624   1  2.6  0  9.3 18.7 54  0  53  0
625   1 13.0  0 12.2 21.5 43  0  74  1
626   1  8.8  0 12.2 20.2 34  0  67  0
627   1 10.1  0 10.5 25.3 28  0  73  0
628   0  6.3  0 11.1 21.2 37  0  76  0
629   0  3.2  0  9.9 22.3 46  0  72  0
630   1  9.2  0 11.4 23.0 57  0  73  0
631   1  7.2  0  8.5 23.4 27  0  83  0
632   0 29.2  0 14.5 23.8 46  0  71  1
633   0  1.8  0  9.6 20.0 40  0  76  0
634   1  4.2  0  9.8 21.2 38  0  72  0
635   0  9.2  0 13.0 22.5 53  0  85  0
636   0 33.2  0 10.5 17.4 33  0  76  0
637   0 15.3  0 10.0 22.5 41  0  79  0
638   0 25.3  0 12.1 18.5 46  0  77  0
639   0 11.3  0 11.6 27.0 42  0  84  0
640   0 49.3  0  9.9 21.6 37  0  71  0
641   1 11.3  0 11.8 25.6 39  1  80  0
642   1 14.3  0  8.9 22.9 42  1 109  1
643   1 15.0  0  9.9 24.0 34  0  81  0
644   0 19.3  0 10.0 33.0 37  0  78  0
645   0 17.3  0 11.0 22.9 39  0  62  0
646   1 10.9  1 13.3 24.2 53  1  91  0
647   1  9.8  0  8.2 19.3 28  0  55  0
648   1 14.4  0 13.7 31.6 50  0  92  0
649   1  8.3  0 11.4 24.3 39  0  64  0
650   1  7.1  0 13.2 22.2 48  0  84  1
651   1  3.2  0 13.4 21.2 44  0  81  0
652   0 29.3  0  8.4 26.2 52  0  84  1
653   1 14.3  0  7.1 22.5 44  0  78  0
654   0  3.0  0 10.1 29.9 39  0  71  0
655   1 41.3  0  8.9 28.4 49  1  90  0
656   1  8.9  0  9.1 23.4 39  0  69  0
657   0  3.3  0 12.5 21.0 47  0  79  0
658   1 11.9  0 11.3 25.0 37  0  74  1
659   0 17.6  0 10.2 35.7 36  0  76  0
660   1 28.3  0 10.4 26.2 36  0  73  0
661   0  9.1  0 14.6 21.7 49  0 102  0
662   1 10.0  0 10.7 27.3 36  0  80  0
663   1 15.3  0 10.5 23.4 28  0  83  0
664   0  5.8  0 10.1 17.8 52  0  69  0
665   0 26.4  0 10.0 28.7 45  0  73  1
666   1 27.2  0 11.9 21.5 58  0  86  0
667   0 15.2  0 10.2 28.0 43  0  91  0
668   1  8.8  0 11.6 20.6 47  0  92  1
669   1  4.9  0 13.1 21.6 58  0  86  0
670   1 32.0  1 11.1 28.5 37  1 103  1
671   0  8.2  0  9.2 20.2 59  0  72  0
672   1  6.5  0 14.6 34.6 53  0  78  0
673   1 22.8  0  5.9 23.6 33  0  86  0
674   0  2.5  0  9.7 21.3 43  0  73  0
675   0  5.1  0  9.8 18.1 50  0  83  0
676   1  4.5  0 12.9 17.1 59  0  79  0
677   0 36.9  0  9.8 21.5 47  0  65  0
678   1  1.8  0  8.1 22.7 37  0  59  0
679   0  3.0  0 11.3 21.3 49  0  67  0
680   0  7.3  0  8.8 19.0 42  1  72  0
681   0  5.0  0 14.2 26.3 53  1  94  0
682   0  6.8  0  8.6 27.7 34  0  87  0
683   1  6.9  0  9.7 17.0 49  0  73  0
684   1  1.4  0  9.2 19.0 39  0  69  0
685   0  7.8  0 13.8 20.9 39  1  83  0
686   1  5.9  0 16.1 21.7 58  0  85  0
687   0  6.8  0 11.5 15.2 48  0  66  0
688   0  5.8  0 10.3 32.8 43  0  90  0
689   1  4.9  0 13.6 18.8 32  0  71  0
690   1 32.9  0 11.9 22.6 45  0  77  1
691   0 10.1  0  8.8 26.3 37  0  74  0
